18569858624
15638961101
18236068882
15155793663
18525717020
15137828417
17630809049
13937961539
18317528341
18736265376
15837881929
13939458162
15039028651
13503785250
17122095555
13393849122
15226058780
15039019291
17839229475
13812190209
15039003949
13937895208
15637885030
15890993364
13700785401
15517818857
13513785084
18637805373
17737889090
15194632686
15136657801
18574260683
18939555092
15239362161
15637822653
15637823895
17657584878
17630270125
18237890853
13103655140
15139785307
18574361606
13203787616
18336939585
13703937378
18303925438
17344681258
17797736540
18739999338
17633968245
13503480174
18236530600
13535576662
18790788119
13513783657
15093639957
13323789881
18337833781
13213230210
13526527001
13781115850
15226085817
15534236980
18103782560
18737863140
13213999592
18539578029
18336108700
15514917111
15938411307
13353837371
18837829781
13526795550
13323651871
15993333607
15637861899
15649978952
18337861120
17337867786
15515988890
15225464748
15531147827
15937838153
13937837601
16627878541
18537860069
15713888951
15517800851
18137222669
15736853712
18237808383
13837140978
13087000148
17335771708
17530102275
15237822037
18338406150
13707616975
18568652222
13803782527
15039035219
13419759772
17739206116
13723265213
13569509609
18236515081
17737579591
18437801165
18937830800
18737876945
13839956946
13613789069
13603781287
15937872918
15936225221
15837843089
13523782409
15237868805
17621889266
17770083416
13938709488
18637852211
13598755313
15226062456
13598760549
18338466965
15515439673
18837829617
18638100710
18838200140
18603780831
18736944918
13693788088
15039034218
17839252701
15837818020
13837878868
18625537487
15637805858
17637800916
18997274579
13603783640
17837801120
18739962562
13693782443
18337810772
15937872185
15501036886
13393811916
15890382523
13323651871
13781134814
15037862268
15837863531
13723287802
13781173055
13608604397
18738960102
13837823723
18898111544
13569513492
15103783232
13723229676
15093661404
13069320899
17839287152
15515215917
18438707207
13007648830
18238213252
17739213131
18749806661
18625455710
18736926795
18736995699
15226064111
18303862536
15890399210
17737881158
18595591616
15537872761
18516343442
18537868884
18337619313
13513783657
18739997769
15890989118
13781285890
18568643726
18103786025
15037830110
15137826590
15729365992
15937821383
15039000588
15993377231
18737870237
15136622862
13183118883
15226072133
13460689850
15837883290
18749811105
18637861737
15093672676
17739215135
13393836599
13183280705
18501716993
15137808841
15890390954
15637830818
18103785300
15093676181
13707618733
15039043379
15890999688
13124405685
13937837601
13381285050
13419781667
13839962271
15637872275
13503852445
15037836143
18736964705
13460792157
13323655393
18037860253
13592121811
18537836633
17737146886
18236552305
15938558612
15093678884
18530103773
13592100009
15103784938
19949125616
15515445052
13124405685
18595583555
18091559775
15039038117
18037155200
13303781290
15093621092
18237895865
15037870742
13027759678
13598764729
13353717323
13393839913
15890936004
18539920932
18530100932
13513512563
13949400694
18737881597
18837829617
18537811136
18530106662
18239906300
18937831896
13839994151
17337832861
19939581323
15093600588
13723292988
15938508787
13707615589
13633781259
15837884400
18739999213
15037871657
18625459335
15537832228
13723237100
18737800808
18537894446
13069339821
15903080873
13723264324
18603785500
13781180564
15226038158
13781111992
15890359934
15037878606
15237860193
13781104714
18603782298
15890379508
18237856186
15938525418
18237821803
15537811783
15225051235
13781121335
15806255614
15515988890
15837857198
13849149589
15003782911
13839966757
15194649933
19903785670
15937056905
18860397552
15037875091
17630137142
18100328082
15515238899
15226018322
13592133097
13592133097
13781196320
17760725920
15736871897
18237867722
15039038117
15890332643
16639125667
15938500777
15037833168
15517010509
15093648582
13949445585
13523788497
18236598235
18738957585
13938607818
13333782022
15515988890
13870573416
15136210390
15136210390
18937125618
17797731200
15534701566
17837811003
15139482130
13837768421
15618586273
