13007648830
13027759678
13069320899
13103655140
13124405685
13183118883
13203787616
13213230210
13213999592
13303781290
13323651871
13323655393
13323789881
13333782002
13353717323
13353837371
13381285050
13393811916
13393836599
13393849122
13419759772
13419781667
13460792157
13503480174
13503785250
13503852445
13513512563
13513783657
13523782409
13526527001
13526795550
13535576662
13569509609
13569513492
13592100009
13592121811
13592133097
13598755313
13598760549
13603781287
13603783640
13613789069
13633781259
13693782443
13693788088
13700785401
13703937378
13707615589
13707618733
13723229676
13723237100
13723264324
13723265213
13723287802
13723292988
13781111992
13781115850
13781121335
13781134814
13781180564
13781196320
13781285890
13803782527
13812190209
13837140978
13837768421
13837823723
13837878868
13829956946
13839962271
13839966757
13839994151
13849149589
13870573416
13937837601
13937895208
13937961539
13938607818
13938709488
13939458162
13949400694
13949445585
15003782911
15037830110
15037833168
15037836143
15037862268
15037870742
15037871657
15037875091
15037878606
15039000588
15039019291
15039028651
15039034218
15039035219
15039043379
15093621092
15093639957
15093648582
15093661404
15093672676
15093676181
15093678884
15103783232
15103784938
15136210390
15136622862
15136657801
15137808841
15137826590
15137828417
15139482130
15139785307
15155793663
15194632686
15225051235
15225464748
15226018322
15226038158
15226058780
15226062456
15226064111
15226072133
15226085817
15237822037
15237860193
15237868805
15239362161
15501036886
15514917111
15515445052
15515988890
15517010509
15517800851
15517818857
15531147827
15534236980
15534701566
15537811783
15537832228
15537872761
15618586273
15637805858
15637822653
15637823895
15637830818
15637861899
15637872275
15637885030
15638961101






